[WALL]
0 0 0 3 2 6
0.000000 0.000000 0.000000 0.000000 0.000000
0.000000 0.000000 0.000000 1.000000 0.000000
0.000000 1.000000 0.000000 1.000000 1.000000
0.000000 1.000000 0.000000 1.000000 1.000000
0.000000 1.000000 0.000000 0.000000 1.000000
0.000000 0.000000 0.000000 0.000000 0.000000

0.000000 0.000000 0.000000 0.000000 0.000000
0.000000 0.000000 0.000000 1.000000 0.000000
0.000000 1.000000 0.000000 1.000000 1.000000
0.000000 1.000000 0.000000 1.000000 1.000000
0.000000 1.000000 0.000000 0.000000 1.000000
0.000000 0.000000 0.000000 0.000000 0.000000

0.000000 0.000000 0.000000 0.000000 0.000000
0.000000 0.000000 0.000000 1.000000 0.000000
0.000000 1.000000 0.000000 1.000000 1.000000
0.000000 1.000000 0.000000 1.000000 1.000000
0.000000 1.000000 0.000000 0.000000 1.000000
0.000000 0.000000 0.000000 0.000000 0.000000

0.000000 0.000000 0.000000 0.000000 0.000000
0.000000 0.000000 0.000000 1.000000 0.000000
0.000000 1.000000 0.000000 1.000000 1.000000
0.000000 1.000000 0.000000 1.000000 1.000000
0.000000 1.000000 0.000000 0.000000 1.000000
0.000000 0.000000 0.000000 0.000000 0.000000

